30
12.00 14.00 -10.00
16.00 14.00 -4.00
14.00 24.00 -10.00
16.00 16.00 -12.00
20.00 18.00 -4.00
10.00 24.00 4.00
20.00 26.00 -14.00
30.00 12.00 6.00
10.00 26.00 -14.00
36.00 14.00 -10.00
14.00 24.00 -10.00
26.00 18.00 10.00
26.00 10.00 -14.00
20.00 32.00 -14.00
10.00 10.00 6.00
12.00 28.00 -12.00
18.00 32.00 4.00
10.00 14.00 -8.00
10.00 24.00 -8.00
28.00 30.00 -2.00
20.00 10.00 4.00
30.00 12.00 2.00
10.00 22.00 8.00
24.00 22.00 -12.00
34.00 10.00 -4.00
10.00 10.00 10.00
36.00 10.00 -8.00
20.00 22.00 -16.00
20.00 10.00 -8.00
32.00 22.00 6.00
